1 96401 0.501000
96401 1 0.501000
1 68343 0.501000
68343 1 0.501000
1 125069 0.501000
125069 1 0.501000
1 125074 0.501000
125074 1 0.501000
1 28942 0.501000
28942 1 0.501000
1 34191 0.501000
34191 1 0.501000
1 68242 0.501000
68242 1 0.501000
1 103054 0.501000
103054 1 0.501000
1 96445 0.501000
96445 1 0.501000
1 125071 0.501000
125071 1 0.501000
1 38067 0.501000
38067 1 0.501000
1 55503 0.501000
55503 1 0.501000
1 124547 0.501000
124547 1 0.501000
1 75686 0.501000
75686 1 0.501000
1 125119 0.501000
125119 1 0.501000
1 93825 0.501000
93825 1 0.501000
1 25921 0.501000
25921 1 0.501000
1 34541 0.501000
34541 1 0.501000
1 103029 0.501000
103029 1 0.501000
1 57916 0.501000
57916 1 0.501000
1 102151 0.501000
102151 1 0.501000
1 57959 0.501000
57959 1 0.501000
1 69197 0.501000
69197 1 0.501000
1 96517 0.501000
96517 1 0.501000
1 112068 0.501000
112068 1 0.501000
1 60076 0.501000
60076 1 0.501000
1 94108 0.501000
94108 1 0.501000
1 37346 0.501000
37346 1 0.501000
1 108148 0.501000
108148 1 0.501000
1 96562 0.501000
96562 1 0.501000
1 96516 0.501000
96516 1 0.501000
1 58712 0.501000
58712 1 0.501000
1 124549 0.501000
124549 1 0.501000
1 77495 0.501000
77495 1 0.501000
1 85994 0.501000
85994 1 0.501000
1 58721 0.501000
58721 1 0.501000
1 73133 0.501000
73133 1 0.501000
1 124539 0.501000
124539 1 0.501000
1 103050 0.501000
103050 1 0.501000
1 125147 0.501000
125147 1 0.501000
4 107973 0.501000
107973 4 0.501000
4 28826 0.501000
28826 4 0.501000
4 55234 0.501000
55234 4 0.501000
4 73536 0.501000
73536 4 0.501000
4 36145 0.501000
36145 4 0.501000
4 98578 0.501000
98578 4 0.501000
6 57749 0.501000
57749 6 0.501000
6 44673 0.501000
44673 6 0.501000
6 113234 0.501000
113234 6 0.501000
6 60581 0.501000
60581 6 0.501000
6 37744 0.501000
37744 6 0.501000
6 113257 0.501000
113257 6 0.501000
6 44665 0.501000
44665 6 0.501000
6 40922 0.501000
40922 6 0.501000
6 43957 0.501000
43957 6 0.501000
6 112894 0.501000
112894 6 0.501000
6 72955 0.501000
72955 6 0.501000
6 97822 0.501000
97822 6 0.501000
6 44684 0.501000
44684 6 0.501000
6 94994 0.501000
94994 6 0.501000
6 113138 0.501000
113138 6 0.501000
6 37642 0.501000
37642 6 0.501000
6 71709 0.501000
71709 6 0.501000
6 113246 0.501000
113246 6 0.501000
7 55331 0.501000
55331 7 0.501000
7 98086 0.501000
98086 7 0.501000
7 53641 0.501000
53641 7 0.501000
7 29230 0.501000
29230 7 0.501000
7 109755 0.501000
109755 7 0.501000
7 65553 0.501000
65553 7 0.501000
7 65534 0.501000
65534 7 0.501000
7 94369 0.501000
94369 7 0.501000
7 55298 0.501000
55298 7 0.501000
7 98220 0.501000
98220 7 0.501000
7 65009 0.501000
65009 7 0.501000
7 90162 0.501000
90162 7 0.501000
7 109979 0.501000
109979 7 0.501000
7 107882 0.501000
107882 7 0.501000
7 36219 0.501000
36219 7 0.501000
7 95013 0.501000
95013 7 0.501000
7 64849 0.501000
64849 7 0.501000
7 109865 0.501000
109865 7 0.501000
7 25633 0.501000
25633 7 0.501000
7 65919 0.501000
65919 7 0.501000
7 108539 0.501000
108539 7 0.501000
7 109610 0.501000
109610 7 0.501000
7 35740 0.501000
35740 7 0.501000
7 65687 0.501000
65687 7 0.501000
7 94133 0.501000
94133 7 0.501000
7 109653 0.501000
109653 7 0.501000
7 109723 0.501000
109723 7 0.501000
7 65950 0.501000
65950 7 0.501000
7 90238 0.501000
90238 7 0.501000
7 109916 0.501000
109916 7 0.501000
7 25797 0.501000
25797 7 0.501000
7 26334 0.501000
26334 7 0.501000
7 92282 0.501000
92282 7 0.501000
7 109959 0.501000
109959 7 0.501000
7 36290 0.501000
36290 7 0.501000
7 54210 0.501000
54210 7 0.501000
7 109981 0.501000
109981 7 0.501000
7 63806 0.501000
63806 7 0.501000
7 94257 0.501000
94257 7 0.501000
7 25635 0.501000
25635 7 0.501000
7 64243 0.501000
64243 7 0.501000
7 109787 0.501000
109787 7 0.501000
7 87122 0.501000
87122 7 0.501000
7 29264 0.501000
29264 7 0.501000
7 64682 0.501000
64682 7 0.501000
7 109921 0.501000
109921 7 0.501000
7 53678 0.501000
53678 7 0.501000
7 89179 0.501000
89179 7 0.501000
7 34447 0.501000
34447 7 0.501000
7 109546 0.501000
109546 7 0.501000
7 66074 0.501000
66074 7 0.501000
7 38185 0.501000
38185 7 0.501000
7 109474 0.501000
109474 7 0.501000
7 92458 0.501000
92458 7 0.501000
7 65464 0.501000
65464 7 0.501000
7 65651 0.501000
65651 7 0.501000
7 35544 0.501000
35544 7 0.501000
7 65818 0.501000
65818 7 0.501000
7 54150 0.501000
54150 7 0.501000
7 109444 0.501000
109444 7 0.501000
7 55325 0.501000
55325 7 0.501000
7 65523 0.501000
65523 7 0.501000
7 109843 0.501000
109843 7 0.501000
7 94985 0.501000
94985 7 0.501000
7 25640 0.501000
25640 7 0.501000
7 51270 0.501000
51270 7 0.501000
7 109777 0.501000
109777 7 0.501000
7 109709 0.501000
109709 7 0.501000
7 94027 0.501000
94027 7 0.501000
7 92557 0.501000
92557 7 0.501000
7 109707 0.501000
109707 7 0.501000
7 65662 0.501000
65662 7 0.501000
7 89258 0.501000
89258 7 0.501000
7 65567 0.501000
65567 7 0.501000
7 54183 0.501000
54183 7 0.501000
7 52902 0.501000
52902 7 0.501000
7 98017 0.501000
98017 7 0.501000
7 54208 0.501000
54208 7 0.501000
7 29283 0.501000
29283 7 0.501000
7 109864 0.501000
109864 7 0.501000
7 109828 0.501000
109828 7 0.501000
7 109701 0.501000
109701 7 0.501000
7 89172 0.501000
89172 7 0.501000
7 25634 0.501000
25634 7 0.501000
7 54131 0.501000
54131 7 0.501000
7 109925 0.501000
109925 7 0.501000
7 54213 0.501000
54213 7 0.501000
7 93788 0.501000
93788 7 0.501000
7 64102 0.501000
64102 7 0.501000
7 109593 0.501000
109593 7 0.501000
7 64324 0.501000
64324 7 0.501000
7 36324 0.501000
36324 7 0.501000
7 109968 0.501000
109968 7 0.501000
7 25813 0.501000
25813 7 0.501000
7 35530 0.501000
35530 7 0.501000
7 34958 0.501000
34958 7 0.501000
7 109537 0.501000
109537 7 0.501000
7 109647 0.501000
109647 7 0.501000
7 109484 0.501000
109484 7 0.501000
7 65243 0.501000
65243 7 0.501000
7 92190 0.501000
92190 7 0.501000
7 84863 0.501000
84863 7 0.501000
7 65774 0.501000
65774 7 0.501000
7 94603 0.501000
94603 7 0.501000
7 55194 0.501000
55194 7 0.501000
7 64515 0.501000
64515 7 0.501000
7 109911 0.501000
109911 7 0.501000
7 109908 0.501000
109908 7 0.501000
7 55316 0.501000
55316 7 0.501000
7 109703 0.501000
109703 7 0.501000
7 90993 0.501000
90993 7 0.501000
7 109937 0.501000
109937 7 0.501000
7 109766 0.501000
109766 7 0.501000
7 94916 0.501000
94916 7 0.501000
7 36218 0.501000
36218 7 0.501000
7 94965 0.501000
94965 7 0.501000
7 91586 0.501000
91586 7 0.501000
7 92515 0.501000
92515 7 0.501000
7 63273 0.501000
63273 7 0.501000
7 94794 0.501000
94794 7 0.501000
7 35558 0.501000
35558 7 0.501000
7 96614 0.501000
96614 7 0.501000
7 27330 0.501000
27330 7 0.501000
7 109565 0.501000
109565 7 0.501000
7 108453 0.501000
108453 7 0.501000
7 109786 0.501000
109786 7 0.501000
7 65107 0.501000
65107 7 0.501000
7 66014 0.501000
66014 7 0.501000
7 88741 0.501000
88741 7 0.501000
7 109728 0.501000
109728 7 0.501000
7 65106 0.501000
65106 7 0.501000
7 109990 0.501000
109990 7 0.501000
7 65025 0.501000
65025 7 0.501000
7 94979 0.501000
94979 7 0.501000
7 64729 0.501000
64729 7 0.501000
7 35512 0.501000
35512 7 0.501000
7 63810 0.501000
63810 7 0.501000
7 93369 0.501000
93369 7 0.501000
7 109485 0.501000
109485 7 0.501000
7 65825 0.501000
65825 7 0.501000
7 109759 0.501000
109759 7 0.501000
7 109985 0.501000
109985 7 0.501000
7 36511 0.501000
36511 7 0.501000
7 91408 0.501000
91408 7 0.501000
7 65465 0.501000
65465 7 0.501000
7 36223 0.501000
36223 7 0.501000
7 25725 0.501000
25725 7 0.501000
7 38196 0.501000
38196 7 0.501000
7 35458 0.501000
35458 7 0.501000
7 65496 0.501000
65496 7 0.501000
7 109551 0.501000
109551 7 0.501000
7 29914 0.501000
29914 7 0.501000
7 35130 0.501000
35130 7 0.501000
7 36330 0.501000
36330 7 0.501000
9 55928 0.501000
55928 9 0.501000
9 112200 0.501000
112200 9 0.501000
9 91929 0.501000
91929 9 0.501000
9 28432 0.501000
28432 9 0.501000
9 25740 0.501000
25740 9 0.501000
9 28444 0.501000
28444 9 0.501000
9 118405 0.501000
118405 9 0.501000
9 67664 0.501000
67664 9 0.501000
9 28474 0.501000
28474 9 0.501000
9 25972 0.501000
25972 9 0.501000
9 77076 0.501000
77076 9 0.501000
9 67881 0.501000
67881 9 0.501000
9 28367 0.501000
28367 9 0.501000
9 35195 0.501000
35195 9 0.501000
9 118312 0.501000
118312 9 0.501000
9 118346 0.501000
118346 9 0.501000
9 55802 0.501000
55802 9 0.501000
9 33956 0.501000
33956 9 0.501000
9 35494 0.501000
35494 9 0.501000
9 33954 0.501000
33954 9 0.501000
9 33074 0.501000
33074 9 0.501000
9 118347 0.501000
118347 9 0.501000
9 55962 0.501000
55962 9 0.501000
9 55801 0.501000
55801 9 0.501000
9 88050 0.501000
88050 9 0.501000
9 66117 0.501000
66117 9 0.501000
9 34988 0.501000
34988 9 0.501000
9 34930 0.501000
34930 9 0.501000
9 68858 0.501000
68858 9 0.501000
9 110847 0.501000
110847 9 0.501000
9 118450 0.501000
118450 9 0.501000
9 33680 0.501000
33680 9 0.501000
9 92132 0.501000
92132 9 0.501000
9 88461 0.501000
88461 9 0.501000
9 33981 0.501000
33981 9 0.501000
9 88237 0.501000
88237 9 0.501000
9 65508 0.501000
65508 9 0.501000
9 33939 0.501000
33939 9 0.501000
9 112692 0.501000
112692 9 0.501000
9 25773 0.501000
25773 9 0.501000
9 28482 0.501000
28482 9 0.501000
9 35228 0.501000
35228 9 0.501000
9 34298 0.501000
34298 9 0.501000
9 55803 0.501000
55803 9 0.501000
9 88166 0.501000
88166 9 0.501000
9 33709 0.501000
33709 9 0.501000
9 26246 0.501000
26246 9 0.501000
9 112293 0.501000
112293 9 0.501000
9 110371 0.501000
110371 9 0.501000
9 92149 0.501000
92149 9 0.501000
9 65301 0.501000
65301 9 0.501000
9 72820 0.501000
72820 9 0.501000
9 92018 0.501000
92018 9 0.501000
10 76619 0.501000
76619 10 0.501000
10 104025 0.501000
104025 10 0.501000
10 29218 0.501000
29218 10 0.501000
10 75578 0.501000
75578 10 0.501000
10 52803 0.501000
52803 10 0.501000
10 125423 0.501000
125423 10 0.501000
11 28615 0.501000
28615 11 0.501000
11 90041 0.501000
90041 11 0.501000
11 123929 0.501000
123929 11 0.501000
11 72889 0.501000
72889 11 0.501000
11 55345 0.501000
55345 11 0.501000
11 43932 0.501000
43932 11 0.501000
11 55334 0.501000
55334 11 0.501000
15 109996 0.501000
109996 15 0.501000
15 52734 0.501000
52734 15 0.501000
15 74521 0.501000
74521 15 0.501000
15 87696 0.501000
87696 15 0.501000
15 109508 0.501000
109508 15 0.501000
15 26880 0.501000
26880 15 0.501000
15 85309 0.501000
85309 15 0.501000
15 83910 0.501000
83910 15 0.501000
15 74581 0.501000
74581 15 0.501000
15 39657 0.501000
39657 15 0.501000
15 93388 0.501000
93388 15 0.501000
19 65876 0.501000
65876 19 0.501000
19 62362 0.501000
62362 19 0.501000
19 58060 0.501000
58060 19 0.501000
19 117776 0.501000
117776 19 0.501000
19 42305 0.501000
42305 19 0.501000
19 58665 0.501000
58665 19 0.501000
19 123308 0.501000
123308 19 0.501000
19 72271 0.501000
72271 19 0.501000
19 123176 0.501000
123176 19 0.501000
19 53519 0.501000
53519 19 0.501000
19 58663 0.501000
58663 19 0.501000
19 95930 0.501000
95930 19 0.501000
19 99383 0.501000
99383 19 0.501000
19 27207 0.501000
27207 19 0.501000
19 50587 0.501000
50587 19 0.501000
19 112708 0.501000
112708 19 0.501000
19 42326 0.501000
42326 19 0.501000
19 85626 0.501000
85626 19 0.501000
19 123156 0.501000
123156 19 0.501000
19 68470 0.501000
68470 19 0.501000
19 65940 0.501000
65940 19 0.501000
19 51034 0.501000
51034 19 0.501000
19 98493 0.501000
98493 19 0.501000
19 30622 0.501000
30622 19 0.501000
19 123120 0.501000
123120 19 0.501000
19 117699 0.501000
117699 19 0.501000
19 44503 0.501000
44503 19 0.501000
19 123307 0.501000
123307 19 0.501000
19 65494 0.501000
65494 19 0.501000
19 58661 0.501000
58661 19 0.501000
19 59761 0.501000
59761 19 0.501000
19 42304 0.501000
42304 19 0.501000
19 109874 0.501000
109874 19 0.501000
19 101331 0.501000
101331 19 0.501000
19 97075 0.501000
97075 19 0.501000
19 51032 0.501000
51032 19 0.501000
19 42307 0.501000
42307 19 0.501000
19 44496 0.501000
44496 19 0.501000
19 123101 0.501000
123101 19 0.501000
19 64998 0.501000
64998 19 0.501000
19 92476 0.501000
92476 19 0.501000
19 42306 0.501000
42306 19 0.501000
19 53613 0.501000
53613 19 0.501000
20 42956 0.501000
42956 20 0.501000
20 43703 0.501000
43703 20 0.501000
20 120120 0.501000
120120 20 0.501000
20 50855 0.501000
50855 20 0.501000
20 120142 0.501000
120142 20 0.501000
20 43704 0.501000
43704 20 0.501000
20 56341 0.501000
56341 20 0.501000
20 43702 0.501000
43702 20 0.501000
20 86140 0.501000
86140 20 0.501000
20 53833 0.501000
53833 20 0.501000
20 110644 0.501000
110644 20 0.501000
20 85170 0.501000
85170 20 0.501000
20 72221 0.501000
72221 20 0.501000
20 72061 0.501000
72061 20 0.501000
20 27795 0.501000
27795 20 0.501000
20 98528 0.501000
98528 20 0.501000
20 102037 0.501000
102037 20 0.501000
20 69754 0.501000
69754 20 0.501000
20 102048 0.501000
102048 20 0.501000
20 102035 0.501000
102035 20 0.501000
20 56342 0.501000
56342 20 0.501000
20 72596 0.501000
72596 20 0.501000
20 120149 0.501000
120149 20 0.501000
20 72829 0.501000
72829 20 0.501000
20 102050 0.501000
102050 20 0.501000
20 120161 0.501000
120161 20 0.501000
20 117620 0.501000
117620 20 0.501000
20 102049 0.501000
102049 20 0.501000
20 56349 0.501000
56349 20 0.501000
20 72532 0.501000
72532 20 0.501000
20 102044 0.501000
102044 20 0.501000
20 25864 0.501000
25864 20 0.501000
20 43788 0.501000
43788 20 0.501000
20 72286 0.501000
72286 20 0.501000
20 33351 0.501000
33351 20 0.501000
20 26264 0.501000
26264 20 0.501000
20 117637 0.501000
117637 20 0.501000
20 117640 0.501000
117640 20 0.501000
20 56325 0.501000
56325 20 0.501000
20 118039 0.501000
118039 20 0.501000
20 117619 0.501000
117619 20 0.501000
20 120159 0.501000
120159 20 0.501000
25 78582 0.501000
78582 25 0.501000
25 124861 0.501000
124861 25 0.501000
25 72599 0.501000
72599 25 0.501000
25 120923 0.501000
120923 25 0.501000
25 121046 0.501000
121046 25 0.501000
25 102923 0.501000
102923 25 0.501000
25 101532 0.501000
101532 25 0.501000
25 120872 0.501000
120872 25 0.501000
25 102900 0.501000
102900 25 0.501000
25 97654 0.501000
97654 25 0.501000
25 102939 0.501000
102939 25 0.501000
25 102108 0.501000
102108 25 0.501000
25 124773 0.501000
124773 25 0.501000
25 102929 0.501000
102929 25 0.501000
25 98789 0.501000
98789 25 0.501000
25 77310 0.501000
77310 25 0.501000
25 102865 0.501000
102865 25 0.501000
25 50995 0.501000
50995 25 0.501000
25 124802 0.501000
124802 25 0.501000
25 79485 0.501000
79485 25 0.501000
25 124893 0.501000
124893 25 0.501000
25 101844 0.501000
101844 25 0.501000
25 80661 0.501000
80661 25 0.501000
25 124903 0.501000
124903 25 0.501000
25 51016 0.501000
51016 25 0.501000
25 34580 0.501000
34580 25 0.501000
25 120874 0.501000
120874 25 0.501000
25 124914 0.501000
124914 25 0.501000
25 75297 0.501000
75297 25 0.501000
25 123224 0.501000
123224 25 0.501000
25 80986 0.501000
80986 25 0.501000
25 71539 0.501000
71539 25 0.501000
25 77717 0.501000
77717 25 0.501000
25 77619 0.501000
77619 25 0.501000
25 102866 0.501000
102866 25 0.501000
25 124849 0.501000
124849 25 0.501000
26 52006 0.501000
52006 26 0.501000
26 51943 0.501000
51943 26 0.501000
26 90002 0.501000
90002 26 0.501000
26 89633 0.501000
89633 26 0.501000
26 26740 0.501000
26740 26 0.501000
26 116801 0.501000
116801 26 0.501000
26 38927 0.501000
38927 26 0.501000
26 69665 0.501000
69665 26 0.501000
26 116165 0.501000
116165 26 0.501000
29 89108 0.501000
89108 29 0.501000
29 33185 0.501000
33185 29 0.501000
29 120987 0.501000
120987 29 0.501000
29 90970 0.501000
90970 29 0.501000
29 123005 0.501000
123005 29 0.501000
29 76876 0.501000
76876 29 0.501000
29 120956 0.501000
120956 29 0.501000
29 124339 0.501000
124339 29 0.501000
29 91171 0.501000
91171 29 0.501000
29 115562 0.501000
115562 29 0.501000
29 90873 0.501000
90873 29 0.501000
29 90071 0.501000
90071 29 0.501000
29 120988 0.501000
120988 29 0.501000
29 57767 0.501000
57767 29 0.501000
29 69619 0.501000
69619 29 0.501000
29 33317 0.501000
33317 29 0.501000
29 73332 0.501000
73332 29 0.501000
29 32643 0.501000
32643 29 0.501000
29 117643 0.501000
117643 29 0.501000
29 68960 0.501000
68960 29 0.501000
29 91093 0.501000
91093 29 0.501000
29 75601 0.501000
75601 29 0.501000
29 76629 0.501000
76629 29 0.501000
29 91066 0.501000
91066 29 0.501000
29 124973 0.501000
124973 29 0.501000
29 90571 0.501000
90571 29 0.501000
29 117633 0.501000
117633 29 0.501000
29 125132 0.501000
125132 29 0.501000
29 120984 0.501000
120984 29 0.501000
29 90847 0.501000
90847 29 0.501000
29 90728 0.501000
90728 29 0.501000
29 65228 0.501000
65228 29 0.501000
29 88988 0.501000
88988 29 0.501000
29 90815 0.501000
90815 29 0.501000
29 76550 0.501000
76550 29 0.501000
29 117636 0.501000
117636 29 0.501000
29 72674 0.501000
72674 29 0.501000
29 90767 0.501000
90767 29 0.501000
29 72854 0.501000
72854 29 0.501000
29 122581 0.501000
122581 29 0.501000
29 90781 0.501000
90781 29 0.501000
29 74465 0.501000
74465 29 0.501000
29 54070 0.501000
54070 29 0.501000
29 72730 0.501000
72730 29 0.501000
29 54085 0.501000
54085 29 0.501000
29 90745 0.501000
90745 29 0.501000
29 77096 0.501000
77096 29 0.501000
29 76901 0.501000
76901 29 0.501000
29 33119 0.501000
33119 29 0.501000
29 117647 0.501000
117647 29 0.501000
29 122763 0.501000
122763 29 0.501000
29 32367 0.501000
32367 29 0.501000
29 75624 0.501000
75624 29 0.501000
29 69478 0.501000
69478 29 0.501000
29 124975 0.501000
124975 29 0.501000
29 90966 0.501000
90966 29 0.501000
29 90053 0.501000
90053 29 0.501000
29 125067 0.501000
125067 29 0.501000
29 33164 0.501000
33164 29 0.501000
29 120994 0.501000
120994 29 0.501000
29 28339 0.501000
28339 29 0.501000
29 76829 0.501000
76829 29 0.501000
29 33157 0.501000
33157 29 0.501000
29 120957 0.501000
120957 29 0.501000
29 75473 0.501000
75473 29 0.501000
29 76592 0.501000
76592 29 0.501000
29 90799 0.501000
90799 29 0.501000
29 54017 0.501000
54017 29 0.501000
29 125129 0.501000
125129 29 0.501000
29 90957 0.501000
90957 29 0.501000
29 54037 0.501000
54037 29 0.501000
29 32827 0.501000
32827 29 0.501000
29 119597 0.501000
119597 29 0.501000
29 32770 0.501000
32770 29 0.501000
29 121054 0.501000
121054 29 0.501000
29 90972 0.501000
90972 29 0.501000
29 113397 0.501000
113397 29 0.501000
29 125159 0.501000
125159 29 0.501000
29 76669 0.501000
76669 29 0.501000
29 57765 0.501000
57765 29 0.501000
29 75587 0.501000
75587 29 0.501000
29 77102 0.501000
77102 29 0.501000
29 70451 0.501000
70451 29 0.501000
29 125101 0.501000
125101 29 0.501000
29 90051 0.501000
90051 29 0.501000
29 57769 0.501000
57769 29 0.501000
29 90653 0.501000
90653 29 0.501000
29 125124 0.501000
125124 29 0.501000
29 90590 0.501000
90590 29 0.501000
29 91157 0.501000
91157 29 0.501000
29 76835 0.501000
76835 29 0.501000
29 54039 0.501000
54039 29 0.501000
29 76377 0.501000
76377 29 0.501000
29 123792 0.501000
123792 29 0.501000
29 117668 0.501000
117668 29 0.501000
29 89392 0.501000
89392 29 0.501000
29 72089 0.501000
72089 29 0.501000
29 125078 0.501000
125078 29 0.501000
29 28175 0.501000
28175 29 0.501000
30 42327 0.501000
42327 30 0.501000
30 54330 0.501000
54330 30 0.501000
30 71927 0.501000
71927 30 0.501000
30 102122 0.501000
102122 30 0.501000
30 102977 0.501000
102977 30 0.501000
30 111726 0.501000
111726 30 0.501000
30 28558 0.501000
28558 30 0.501000
30 42374 0.501000
42374 30 0.501000
30 115518 0.501000
115518 30 0.501000
30 54447 0.501000
54447 30 0.501000
30 72479 0.501000
72479 30 0.501000
30 84390 0.501000
84390 30 0.501000
31 60655 0.501000
60655 31 0.501000
31 68161 0.501000
68161 31 0.501000
31 123090 0.501000
123090 31 0.501000
31 100516 0.501000
100516 31 0.501000
31 62231 0.501000
62231 31 0.501000
31 62230 0.501000
62230 31 0.501000
31 94086 0.501000
94086 31 0.501000
31 73450 0.501000
73450 31 0.501000
31 60597 0.501000
60597 31 0.501000
33 83996 0.501000
83996 33 0.501000
33 107859 0.501000
107859 33 0.501000
33 72688 0.501000
72688 33 0.501000
33 99637 0.501000
99637 33 0.501000
33 27499 0.501000
27499 33 0.501000
33 83969 0.501000
83969 33 0.501000
34 44991 0.501000
44991 34 0.501000
34 56421 0.501000
56421 34 0.501000
34 77937 0.501000
77937 34 0.501000
34 102112 0.501000
102112 34 0.501000
34 56316 0.501000
56316 34 0.501000
34 56403 0.501000
56403 34 0.501000
36 30293 0.501000
30293 36 0.501000
36 84139 0.501000
84139 36 0.501000
36 109630 0.501000
109630 36 0.501000
36 26148 0.501000
26148 36 0.501000
36 109473 0.501000
109473 36 0.501000
40 85121 0.501000
85121 40 0.501000
40 30048 0.501000
30048 40 0.501000
42 28102 0.501000
28102 42 0.501000
42 111407 0.501000
111407 42 0.501000
42 73012 0.501000
73012 42 0.501000
42 94109 0.501000
94109 42 0.501000
42 55431 0.501000
55431 42 0.501000
42 33369 0.501000
33369 42 0.501000
44 55276 0.501000
55276 44 0.501000
44 97456 0.501000
97456 44 0.501000
44 38634 0.501000
38634 44 0.501000
44 123407 0.501000
123407 44 0.501000
44 71584 0.501000
71584 44 0.501000
44 51064 0.501000
51064 44 0.501000
44 65169 0.501000
65169 44 0.501000
44 126270 0.501000
126270 44 0.501000
44 123419 0.501000
123419 44 0.501000
44 71516 0.501000
71516 44 0.501000
44 66002 0.501000
66002 44 0.501000
44 71372 0.501000
71372 44 0.501000
44 97490 0.501000
97490 44 0.501000
44 97567 0.501000
97567 44 0.501000
44 97535 0.501000
97535 44 0.501000
44 94719 0.501000
94719 44 0.501000
44 32583 0.501000
32583 44 0.501000
45 76619 0.501000
76619 45 0.501000
45 104025 0.501000
104025 45 0.501000
45 29218 0.501000
29218 45 0.501000
45 75578 0.501000
75578 45 0.501000
45 52803 0.501000
52803 45 0.501000
45 125423 0.501000
125423 45 0.501000
46 28347 0.501000
28347 46 0.501000
46 32200 0.501000
32200 46 0.501000
46 84375 0.501000
84375 46 0.501000
46 32087 0.501000
32087 46 0.501000
46 28104 0.501000
28104 46 0.501000
46 28181 0.501000
28181 46 0.501000
46 28294 0.501000
28294 46 0.501000
46 84357 0.501000
84357 46 0.501000
46 28307 0.501000
28307 46 0.501000
46 84418 0.501000
84418 46 0.501000
46 28972 0.501000
28972 46 0.501000
46 32045 0.501000
32045 46 0.501000
48 90049 0.501000
90049 48 0.501000
48 89652 0.501000
89652 48 0.501000
48 25528 0.501000
25528 48 0.501000
48 32132 0.501000
32132 48 0.501000
48 53465 0.501000
53465 48 0.501000
48 52099 0.501000
52099 48 0.501000
48 111516 0.501000
111516 48 0.501000
48 111332 0.501000
111332 48 0.501000
48 69046 0.501000
69046 48 0.501000
48 111638 0.501000
111638 48 0.501000
48 89723 0.501000
89723 48 0.501000
48 69541 0.501000
69541 48 0.501000
48 111095 0.501000
111095 48 0.501000
48 111575 0.501000
111575 48 0.501000
48 111727 0.501000
111727 48 0.501000
48 26082 0.501000
26082 48 0.501000
48 110858 0.501000
110858 48 0.501000
48 111885 0.501000
111885 48 0.501000
48 89877 0.501000
89877 48 0.501000
48 72118 0.501000
72118 48 0.501000
48 26233 0.501000
26233 48 0.501000
48 111840 0.501000
111840 48 0.501000
48 32248 0.501000
32248 48 0.501000
48 89993 0.501000
89993 48 0.501000
48 111667 0.501000
111667 48 0.501000
48 53398 0.501000
53398 48 0.501000
48 111687 0.501000
111687 48 0.501000
48 68455 0.501000
68455 48 0.501000
48 68403 0.501000
68403 48 0.501000
48 90050 0.501000
90050 48 0.501000
48 111122 0.501000
111122 48 0.501000
48 111787 0.501000
111787 48 0.501000
48 25629 0.501000
25629 48 0.501000
48 111526 0.501000
111526 48 0.501000
48 90056 0.501000
90056 48 0.501000
48 63566 0.501000
63566 48 0.501000
48 67480 0.501000
67480 48 0.501000
48 89644 0.501000
89644 48 0.501000
50 37823 0.501000
37823 50 0.501000
50 121563 0.501000
121563 50 0.501000
50 80427 0.501000
80427 50 0.501000
50 77868 0.501000
77868 50 0.501000
50 93072 0.501000
93072 50 0.501000
50 121570 0.501000
121570 50 0.501000
50 30718 0.501000
30718 50 0.501000
50 76265 0.501000
76265 50 0.501000
50 30722 0.501000
30722 50 0.501000
50 28889 0.501000
28889 50 0.501000
50 56760 0.501000
56760 50 0.501000
50 93053 0.501000
93053 50 0.501000
50 121534 0.501000
121534 50 0.501000
50 89218 0.501000
89218 50 0.501000
53 36559 0.501000
36559 53 0.501000
53 72254 0.501000
72254 53 0.501000
53 106402 0.501000
106402 53 0.501000
53 74712 0.501000
74712 53 0.501000
53 113878 0.501000
113878 53 0.501000
53 113920 0.501000
113920 53 0.501000
53 36532 0.501000
36532 53 0.501000
53 27408 0.501000
27408 53 0.501000
53 106403 0.501000
106403 53 0.501000
53 36387 0.501000
36387 53 0.501000
53 113968 0.501000
113968 53 0.501000
53 106397 0.501000
106397 53 0.501000
53 109184 0.501000
109184 53 0.501000
53 106399 0.501000
106399 53 0.501000
53 115667 0.501000
115667 53 0.501000
53 36775 0.501000
36775 53 0.501000
53 106396 0.501000
106396 53 0.501000
53 53374 0.501000
53374 53 0.501000
53 77681 0.501000
77681 53 0.501000
53 106395 0.501000
106395 53 0.501000
53 106391 0.501000
106391 53 0.501000
53 114176 0.501000
114176 53 0.501000
53 33089 0.501000
33089 53 0.501000
53 100299 0.501000
100299 53 0.501000
53 122384 0.501000
122384 53 0.501000
53 106400 0.501000
106400 53 0.501000
53 109137 0.501000
109137 53 0.501000
53 106401 0.501000
106401 53 0.501000
53 79777 0.501000
79777 53 0.501000
53 105758 0.501000
105758 53 0.501000
53 80162 0.501000
80162 53 0.501000
53 113951 0.501000
113951 53 0.501000
53 106389 0.501000
106389 53 0.501000
53 106398 0.501000
106398 53 0.501000
53 85429 0.501000
85429 53 0.501000
53 35646 0.501000
35646 53 0.501000
53 106392 0.501000
106392 53 0.501000
53 103477 0.501000
103477 53 0.501000
53 53534 0.501000
53534 53 0.501000
53 64893 0.501000
64893 53 0.501000
53 106394 0.501000
106394 53 0.501000
53 38914 0.501000
38914 53 0.501000
53 38941 0.501000
38941 53 0.501000
53 79778 0.501000
79778 53 0.501000
53 95418 0.501000
95418 53 0.501000
56 69051 0.501000
69051 56 0.501000
56 89706 0.501000
89706 56 0.501000
56 26274 0.501000
26274 56 0.501000
56 115225 0.501000
115225 56 0.501000
56 32138 0.501000
32138 56 0.501000
56 68918 0.501000
68918 56 0.501000
56 89619 0.501000
89619 56 0.501000
56 55941 0.501000
55941 56 0.501000
56 112552 0.501000
112552 56 0.501000
56 111185 0.501000
111185 56 0.501000
57 34304 0.501000
34304 57 0.501000
57 55525 0.501000
55525 57 0.501000
57 121773 0.501000
121773 57 0.501000
57 33793 0.501000
33793 57 0.501000
57 93571 0.501000
93571 57 0.501000
57 111750 0.501000
111750 57 0.501000
57 111364 0.501000
111364 57 0.501000
57 52470 0.501000
52470 57 0.501000
57 52635 0.501000
52635 57 0.501000
57 56598 0.501000
56598 57 0.501000
57 67674 0.501000
67674 57 0.501000
57 63322 0.501000
63322 57 0.501000
57 66450 0.501000
66450 57 0.501000
57 66187 0.501000
66187 57 0.501000
57 25596 0.501000
25596 57 0.501000
57 32222 0.501000
32222 57 0.501000
57 66643 0.501000
66643 57 0.501000
57 34123 0.501000
34123 57 0.501000
57 33703 0.501000
33703 57 0.501000
57 54054 0.501000
54054 57 0.501000
57 111164 0.501000
111164 57 0.501000
57 94100 0.501000
94100 57 0.501000
57 26183 0.501000
26183 57 0.501000
57 69057 0.501000
69057 57 0.501000
57 32088 0.501000
32088 57 0.501000
57 33969 0.501000
33969 57 0.501000
57 88533 0.501000
88533 57 0.501000
57 123022 0.501000
123022 57 0.501000
57 93863 0.501000
93863 57 0.501000
57 33881 0.501000
33881 57 0.501000
57 121816 0.501000
121816 57 0.501000
57 111712 0.501000
111712 57 0.501000
57 25808 0.501000
25808 57 0.501000
57 89189 0.501000
89189 57 0.501000
57 94114 0.501000
94114 57 0.501000
57 26042 0.501000
26042 57 0.501000
57 88880 0.501000
88880 57 0.501000
57 88066 0.501000
88066 57 0.501000
57 121949 0.501000
121949 57 0.501000
57 110904 0.501000
110904 57 0.501000
57 88282 0.501000
88282 57 0.501000
57 111549 0.501000
111549 57 0.501000
57 66965 0.501000
66965 57 0.501000
57 119402 0.501000
119402 57 0.501000
57 26120 0.501000
26120 57 0.501000
57 33927 0.501000
33927 57 0.501000
57 33704 0.501000
33704 57 0.501000
57 33758 0.501000
33758 57 0.501000
57 111149 0.501000
111149 57 0.501000
57 66913 0.501000
66913 57 0.501000
57 89581 0.501000
89581 57 0.501000
57 52738 0.501000
52738 57 0.501000
57 125152 0.501000
125152 57 0.501000
57 67153 0.501000
67153 57 0.501000
57 90657 0.501000
90657 57 0.501000
57 93694 0.501000
93694 57 0.501000
57 66238 0.501000
66238 57 0.501000
57 54073 0.501000
54073 57 0.501000
57 33743 0.501000
33743 57 0.501000
57 52512 0.501000
52512 57 0.501000
57 69168 0.501000
69168 57 0.501000
57 94106 0.501000
94106 57 0.501000
57 25842 0.501000
25842 57 0.501000
57 121930 0.501000
121930 57 0.501000
57 68162 0.501000
68162 57 0.501000
57 34257 0.501000
34257 57 0.501000
57 93720 0.501000
93720 57 0.501000
57 119646 0.501000
119646 57 0.501000
57 50212 0.501000
50212 57 0.501000
57 119196 0.501000
119196 57 0.501000
57 111260 0.501000
111260 57 0.501000
57 55544 0.501000
55544 57 0.501000
57 34146 0.501000
34146 57 0.501000
57 117607 0.501000
117607 57 0.501000
57 88827 0.501000
88827 57 0.501000
57 89503 0.501000
89503 57 0.501000
57 121799 0.501000
121799 57 0.501000
57 119663 0.501000
119663 57 0.501000
57 53252 0.501000
53252 57 0.501000
57 26103 0.501000
26103 57 0.501000
57 25866 0.501000
25866 57 0.501000
57 33988 0.501000
33988 57 0.501000
57 25534 0.501000
25534 57 0.501000
57 50563 0.501000
50563 57 0.501000
57 66141 0.501000
66141 57 0.501000
57 33821 0.501000
33821 57 0.501000
57 117634 0.501000
117634 57 0.501000
57 110746 0.501000
110746 57 0.501000
57 67304 0.501000
67304 57 0.501000
57 121782 0.501000
121782 57 0.501000
57 32280 0.501000
32280 57 0.501000
57 67797 0.501000
67797 57 0.501000
57 88103 0.501000
88103 57 0.501000
57 93790 0.501000
93790 57 0.501000
57 111800 0.501000
111800 57 0.501000
57 65003 0.501000
65003 57 0.501000
57 119650 0.501000
119650 57 0.501000
57 121941 0.501000
121941 57 0.501000
57 66184 0.501000
66184 57 0.501000
57 34027 0.501000
34027 57 0.501000
58 120592 0.501000
120592 58 0.501000
58 87530 0.501000
87530 58 0.501000
58 89612 0.501000
89612 58 0.501000
58 89622 0.501000
89622 58 0.501000
58 56588 0.501000
56588 58 0.501000
58 126469 0.501000
126469 58 0.501000
58 99256 0.501000
99256 58 0.501000
58 78055 0.501000
78055 58 0.501000
58 99237 0.501000
99237 58 0.501000
58 78422 0.501000
78422 58 0.501000
58 77534 0.501000
77534 58 0.501000
58 93991 0.501000
93991 58 0.501000
58 77521 0.501000
77521 58 0.501000
58 78396 0.501000
78396 58 0.501000
58 32316 0.501000
32316 58 0.501000
58 126429 0.501000
126429 58 0.501000
58 72230 0.501000
72230 58 0.501000
58 126379 0.501000
126379 58 0.501000
58 56603 0.501000
56603 58 0.501000
58 117815 0.501000
117815 58 0.501000
58 126425 0.501000
126425 58 0.501000
59 29579 0.501000
29579 59 0.501000
59 39789 0.501000
39789 59 0.501000
59 64333 0.501000
64333 59 0.501000
59 59497 0.501000
59497 59 0.501000
59 122476 0.501000
122476 59 0.501000
59 102751 0.501000
102751 59 0.501000
59 26022 0.501000
26022 59 0.501000
60 113530 0.501000
113530 60 0.501000
60 63514 0.501000
63514 60 0.501000
60 64491 0.501000
64491 60 0.501000
60 113158 0.501000
113158 60 0.501000
60 92335 0.501000
92335 60 0.501000
60 35879 0.501000
35879 60 0.501000
60 121380 0.501000
121380 60 0.501000
60 121362 0.501000
121362 60 0.501000
60 96724 0.501000
96724 60 0.501000
60 39459 0.501000
39459 60 0.501000
60 64310 0.501000
64310 60 0.501000
60 59746 0.501000
59746 60 0.501000
60 58505 0.501000
58505 60 0.501000
60 44274 0.501000
44274 60 0.501000
60 57931 0.501000
57931 60 0.501000
60 36307 0.501000
36307 60 0.501000
60 121416 0.501000
121416 60 0.501000
60 121417 0.501000
121417 60 0.501000
60 70552 0.501000
70552 60 0.501000
60 121418 0.501000
121418 60 0.501000
60 79795 0.501000
79795 60 0.501000
60 92494 0.501000
92494 60 0.501000
60 59763 0.501000
59763 60 0.501000
60 79802 0.501000
79802 60 0.501000
60 92308 0.501000
92308 60 0.501000
60 39495 0.501000
39495 60 0.501000
60 92017 0.501000
92017 60 0.501000
60 35999 0.501000
35999 60 0.501000
60 121407 0.501000
121407 60 0.501000
60 88602 0.501000
88602 60 0.501000
60 57682 0.501000
57682 60 0.501000
60 30626 0.501000
30626 60 0.501000
60 92034 0.501000
92034 60 0.501000
60 121441 0.501000
121441 60 0.501000
60 31124 0.501000
31124 60 0.501000
60 39244 0.501000
39244 60 0.501000
60 121357 0.501000
121357 60 0.501000
60 78880 0.501000
78880 60 0.501000
60 59742 0.501000
59742 60 0.501000
60 92466 0.501000
92466 60 0.501000
60 86642 0.501000
86642 60 0.501000
60 121397 0.501000
121397 60 0.501000
60 87174 0.501000
87174 60 0.501000
60 113255 0.501000
113255 60 0.501000
60 37235 0.501000
37235 60 0.501000
60 77666 0.501000
77666 60 0.501000
60 31036 0.501000
31036 60 0.501000
60 59747 0.501000
59747 60 0.501000
60 57292 0.501000
57292 60 0.501000
60 121409 0.501000
121409 60 0.501000
60 121429 0.501000
121429 60 0.501000
60 75125 0.501000
75125 60 0.501000
60 117612 0.501000
117612 60 0.501000
60 92330 0.501000
92330 60 0.501000
60 70610 0.501000
70610 60 0.501000
60 121422 0.501000
121422 60 0.501000
60 39505 0.501000
39505 60 0.501000
60 92342 0.501000
92342 60 0.501000
60 57264 0.501000
57264 60 0.501000
60 86756 0.501000
86756 60 0.501000
60 30611 0.501000
30611 60 0.501000
60 59322 0.501000
59322 60 0.501000
60 29916 0.501000
29916 60 0.501000
60 50909 0.501000
50909 60 0.501000
60 109372 0.501000
109372 60 0.501000
60 58056 0.501000
58056 60 0.501000
60 91894 0.501000
91894 60 0.501000
60 39468 0.501000
39468 60 0.501000
60 121355 0.501000
121355 60 0.501000
60 113453 0.501000
113453 60 0.501000
60 80719 0.501000
80719 60 0.501000
60 70460 0.501000
70460 60 0.501000
60 57685 0.501000
57685 60 0.501000
60 92276 0.501000
92276 60 0.501000
60 55952 0.501000
55952 60 0.501000
60 121375 0.501000
121375 60 0.501000
60 95563 0.501000
95563 60 0.501000
60 121345 0.501000
121345 60 0.501000
60 109219 0.501000
109219 60 0.501000
60 59743 0.501000
59743 60 0.501000
60 59744 0.501000
59744 60 0.501000
60 92406 0.501000
92406 60 0.501000
60 88591 0.501000
88591 60 0.501000
60 92168 0.501000
92168 60 0.501000
60 29945 0.501000
29945 60 0.501000
60 37152 0.501000
37152 60 0.501000
60 52443 0.501000
52443 60 0.501000
60 92379 0.501000
92379 60 0.501000
60 115928 0.501000
115928 60 0.501000
60 121402 0.501000
121402 60 0.501000
60 59749 0.501000
59749 60 0.501000
60 70603 0.501000
70603 60 0.501000
60 71434 0.501000
71434 60 0.501000
60 92455 0.501000
92455 60 0.501000
60 39498 0.501000
39498 60 0.501000
60 121420 0.501000
121420 60 0.501000
60 118336 0.501000
118336 60 0.501000
60 80710 0.501000
80710 60 0.501000
60 73850 0.501000
73850 60 0.501000
60 70593 0.501000
70593 60 0.501000
60 92469 0.501000
92469 60 0.501000
60 54865 0.501000
54865 60 0.501000
60 64625 0.501000
64625 60 0.501000
60 51121 0.501000
51121 60 0.501000
60 70568 0.501000
70568 60 0.501000
60 50583 0.501000
50583 60 0.501000
60 92569 0.501000
92569 60 0.501000
60 70578 0.501000
70578 60 0.501000
60 39473 0.501000
39473 60 0.501000
60 50982 0.501000
50982 60 0.501000
60 121343 0.501000
121343 60 0.501000
60 44278 0.501000
44278 60 0.501000
60 121403 0.501000
121403 60 0.501000
60 29707 0.501000
29707 60 0.501000
60 89932 0.501000
89932 60 0.501000
60 109299 0.501000
109299 60 0.501000
60 79100 0.501000
79100 60 0.501000
60 80557 0.501000
80557 60 0.501000
60 66455 0.501000
66455 60 0.501000
60 36254 0.501000
36254 60 0.501000
60 59745 0.501000
59745 60 0.501000
60 121353 0.501000
121353 60 0.501000
60 70483 0.501000
70483 60 0.501000
61 116782 0.501000
116782 61 0.501000
61 116837 0.501000
116837 61 0.501000
61 64196 0.501000
64196 61 0.501000
61 87569 0.501000
87569 61 0.501000
61 51854 0.501000
51854 61 0.501000
61 114552 0.501000
114552 61 0.501000
61 113649 0.501000
113649 61 0.501000
61 63925 0.501000
63925 61 0.501000
61 53787 0.501000
53787 61 0.501000
61 110027 0.501000
110027 61 0.501000
61 111075 0.501000
111075 61 0.501000
61 63619 0.501000
63619 61 0.501000
61 53790 0.501000
53790 61 0.501000
61 64509 0.501000
64509 61 0.501000
61 53860 0.501000
53860 61 0.501000
61 110981 0.501000
110981 61 0.501000
61 87098 0.501000
87098 61 0.501000
61 35270 0.501000
35270 61 0.501000
61 52973 0.501000
52973 61 0.501000
61 64029 0.501000
64029 61 0.501000
61 64410 0.501000
64410 61 0.501000
61 91794 0.501000
91794 61 0.501000
61 91291 0.501000
91291 61 0.501000
61 34492 0.501000
34492 61 0.501000
61 35231 0.501000
35231 61 0.501000
61 35434 0.501000
35434 61 0.501000
61 110025 0.501000
110025 61 0.501000
61 116976 0.501000
116976 61 0.501000
61 64212 0.501000
64212 61 0.501000
61 63888 0.501000
63888 61 0.501000
61 91206 0.501000
91206 61 0.501000
61 87504 0.501000
87504 61 0.501000
61 63216 0.501000
63216 61 0.501000
61 112176 0.501000
112176 61 0.501000
61 116322 0.501000
116322 61 0.501000
61 52215 0.501000
52215 61 0.501000
61 63298 0.501000
63298 61 0.501000
61 53794 0.501000
53794 61 0.501000
61 88167 0.501000
88167 61 0.501000
61 116813 0.501000
116813 61 0.501000
61 116729 0.501000
116729 61 0.501000
61 117303 0.501000
117303 61 0.501000
61 117368 0.501000
117368 61 0.501000
61 34279 0.501000
34279 61 0.501000
61 63502 0.501000
63502 61 0.501000
61 64656 0.501000
64656 61 0.501000
61 87495 0.501000
87495 61 0.501000
61 116312 0.501000
116312 61 0.501000
61 114246 0.501000
114246 61 0.501000
61 32277 0.501000
32277 61 0.501000
61 113680 0.501000
113680 61 0.501000
61 89134 0.501000
89134 61 0.501000
61 91238 0.501000
91238 61 0.501000
61 91628 0.501000
91628 61 0.501000
61 53796 0.501000
53796 61 0.501000
61 91700 0.501000
91700 61 0.501000
61 87584 0.501000
87584 61 0.501000
61 63587 0.501000
63587 61 0.501000
61 64378 0.501000
64378 61 0.501000
61 110087 0.501000
110087 61 0.501000
61 35111 0.501000
35111 61 0.501000
61 35483 0.501000
35483 61 0.501000
61 110191 0.501000
110191 61 0.501000
61 64073 0.501000
64073 61 0.501000
61 83599 0.501000
83599 61 0.501000
61 53712 0.501000
53712 61 0.501000
61 35013 0.501000
35013 61 0.501000
61 63957 0.501000
63957 61 0.501000
61 34159 0.501000
34159 61 0.501000
61 116201 0.501000
116201 61 0.501000
61 117364 0.501000
117364 61 0.501000
61 117435 0.501000
117435 61 0.501000
61 115098 0.501000
115098 61 0.501000
61 91343 0.501000
91343 61 0.501000
61 53750 0.501000
53750 61 0.501000
61 64660 0.501000
64660 61 0.501000
61 64057 0.501000
64057 61 0.501000
61 63997 0.501000
63997 61 0.501000
61 86811 0.501000
86811 61 0.501000
61 64290 0.501000
64290 61 0.501000
61 64527 0.501000
64527 61 0.501000
61 108801 0.501000
108801 61 0.501000
61 112363 0.501000
112363 61 0.501000
61 117344 0.501000
117344 61 0.501000
61 109011 0.501000
109011 61 0.501000
61 26157 0.501000
26157 61 0.501000
61 91357 0.501000
91357 61 0.501000
61 34668 0.501000
34668 61 0.501000
61 117247 0.501000
117247 61 0.501000
61 34506 0.501000
34506 61 0.501000
61 91348 0.501000
91348 61 0.501000
61 88087 0.501000
88087 61 0.501000
61 34457 0.501000
34457 61 0.501000
61 64744 0.501000
64744 61 0.501000
61 64797 0.501000
64797 61 0.501000
61 63953 0.501000
63953 61 0.501000
61 64767 0.501000
64767 61 0.501000
61 112137 0.501000
112137 61 0.501000
61 110125 0.501000
110125 61 0.501000
61 34689 0.501000
34689 61 0.501000
61 63477 0.501000
63477 61 0.501000
61 33736 0.501000
33736 61 0.501000
61 91205 0.501000
91205 61 0.501000
61 89585 0.501000
89585 61 0.501000
61 91529 0.501000
91529 61 0.501000
61 116755 0.501000
116755 61 0.501000
61 91753 0.501000
91753 61 0.501000
61 87842 0.501000
87842 61 0.501000
61 116984 0.501000
116984 61 0.501000
61 116462 0.501000
116462 61 0.501000
61 91549 0.501000
91549 61 0.501000
61 64412 0.501000
64412 61 0.501000
61 112436 0.501000
112436 61 0.501000
61 88614 0.501000
88614 61 0.501000
61 91819 0.501000
91819 61 0.501000
61 34575 0.501000
34575 61 0.501000
61 108461 0.501000
108461 61 0.501000
61 88180 0.501000
88180 61 0.501000
61 63691 0.501000
63691 61 0.501000
61 109120 0.501000
109120 61 0.501000
61 63241 0.501000
63241 61 0.501000
61 117352 0.501000
117352 61 0.501000
61 34585 0.501000
34585 61 0.501000
61 35059 0.501000
35059 61 0.501000
61 111741 0.501000
111741 61 0.501000
61 114143 0.501000
114143 61 0.501000
61 64110 0.501000
64110 61 0.501000
61 116581 0.501000
116581 61 0.501000
61 88913 0.501000
88913 61 0.501000
61 35288 0.501000
35288 61 0.501000
61 63967 0.501000
63967 61 0.501000
61 88956 0.501000
88956 61 0.501000
61 63364 0.501000
63364 61 0.501000
61 34477 0.501000
34477 61 0.501000
61 53823 0.501000
53823 61 0.501000
61 91303 0.501000
91303 61 0.501000
61 91207 0.501000
91207 61 0.501000
61 64252 0.501000
64252 61 0.501000
61 116674 0.501000
116674 61 0.501000
61 86850 0.501000
86850 61 0.501000
61 117353 0.501000
117353 61 0.501000
61 111645 0.501000
111645 61 0.501000
61 116062 0.501000
116062 61 0.501000
61 112389 0.501000
112389 61 0.501000
61 63837 0.501000
63837 61 0.501000
61 116874 0.501000
116874 61 0.501000
61 34680 0.501000
34680 61 0.501000
61 64250 0.501000
64250 61 0.501000
61 50192 0.501000
50192 61 0.501000
61 116198 0.501000
116198 61 0.501000
61 63420 0.501000
63420 61 0.501000
61 117114 0.501000
117114 61 0.501000
61 117070 0.501000
117070 61 0.501000
61 108845 0.501000
108845 61 0.501000
61 116954 0.501000
116954 61 0.501000
61 116946 0.501000
116946 61 0.501000
61 117476 0.501000
117476 61 0.501000
61 91878 0.501000
91878 61 0.501000
61 35123 0.501000
35123 61 0.501000
61 91239 0.501000
91239 61 0.501000
61 86815 0.501000
86815 61 0.501000
61 91436 0.501000
91436 61 0.501000
61 53709 0.501000
53709 61 0.501000
61 64692 0.501000
64692 61 0.501000
61 26081 0.501000
26081 61 0.501000
61 63817 0.501000
63817 61 0.501000
61 89296 0.501000
89296 61 0.501000
61 64338 0.501000
64338 61 0.501000
61 63816 0.501000
63816 61 0.501000
61 63668 0.501000
63668 61 0.501000
61 86886 0.501000
86886 61 0.501000
61 117028 0.501000
117028 61 0.501000
61 90176 0.501000
90176 61 0.501000
61 111705 0.501000
111705 61 0.501000
61 91662 0.501000
91662 61 0.501000
61 35553 0.501000
35553 61 0.501000
61 34817 0.501000
34817 61 0.501000
61 63750 0.501000
63750 61 0.501000
61 117192 0.501000
117192 61 0.501000
61 110173 0.501000
110173 61 0.501000
61 91810 0.501000
91810 61 0.501000
61 35136 0.501000
35136 61 0.501000
61 63682 0.501000
63682 61 0.501000
61 34771 0.501000
34771 61 0.501000
61 35599 0.501000
35599 61 0.501000
61 116108 0.501000
116108 61 0.501000
61 34671 0.501000
34671 61 0.501000
61 88583 0.501000
88583 61 0.501000
61 116928 0.501000
116928 61 0.501000
61 63205 0.501000
63205 61 0.501000
61 88109 0.501000
88109 61 0.501000
61 64208 0.501000
64208 61 0.501000
61 91736 0.501000
91736 61 0.501000
61 91413 0.501000
91413 61 0.501000
61 63908 0.501000
63908 61 0.501000
61 91245 0.501000
91245 61 0.501000
61 35256 0.501000
35256 61 0.501000
61 116351 0.501000
116351 61 0.501000
61 34893 0.501000
34893 61 0.501000
61 116908 0.501000
116908 61 0.501000
61 52128 0.501000
52128 61 0.501000
61 53771 0.501000
53771 61 0.501000
61 34056 0.501000
34056 61 0.501000
61 91607 0.501000
91607 61 0.501000
61 116670 0.501000
116670 61 0.501000
61 117248 0.501000
117248 61 0.501000
61 34899 0.501000
34899 61 0.501000
61 64009 0.501000
64009 61 0.501000
61 91361 0.501000
91361 61 0.501000
61 116950 0.501000
116950 61 0.501000
61 110285 0.501000
110285 61 0.501000
61 113684 0.501000
113684 61 0.501000
61 53731 0.501000
53731 61 0.501000
61 86620 0.501000
86620 61 0.501000
61 117482 0.501000
117482 61 0.501000
61 35125 0.501000
35125 61 0.501000
61 116623 0.501000
116623 61 0.501000
61 117111 0.501000
117111 61 0.501000
61 116660 0.501000
116660 61 0.501000
61 108839 0.501000
108839 61 0.501000
61 63675 0.501000
63675 61 0.501000
61 34870 0.501000
34870 61 0.501000
61 91203 0.501000
91203 61 0.501000
61 112195 0.501000
112195 61 0.501000
61 117299 0.501000
117299 61 0.501000
61 116306 0.501000
116306 61 0.501000
61 63478 0.501000
63478 61 0.501000
61 91749 0.501000
91749 61 0.501000
61 63815 0.501000
63815 61 0.501000
61 117147 0.501000
117147 61 0.501000
61 63484 0.501000
63484 61 0.501000
61 64308 0.501000
64308 61 0.501000
61 63579 0.501000
63579 61 0.501000
61 64492 0.501000
64492 61 0.501000
61 35532 0.501000
35532 61 0.501000
61 63215 0.501000
63215 61 0.501000
61 91531 0.501000
91531 61 0.501000
61 117246 0.501000
117246 61 0.501000
61 116849 0.501000
116849 61 0.501000
61 112472 0.501000
112472 61 0.501000
61 63684 0.501000
63684 61 0.501000
61 89158 0.501000
89158 61 0.501000
61 64237 0.501000
64237 61 0.501000
61 117458 0.501000
117458 61 0.501000
61 117311 0.501000
117311 61 0.501000
61 63617 0.501000
63617 61 0.501000
61 26302 0.501000
26302 61 0.501000
61 91710 0.501000
91710 61 0.501000
61 116728 0.501000
116728 61 0.501000
61 116278 0.501000
116278 61 0.501000
61 53764 0.501000
53764 61 0.501000
61 53899 0.501000
53899 61 0.501000
61 63229 0.501000
63229 61 0.501000
61 64563 0.501000
64563 61 0.501000
61 91360 0.501000
91360 61 0.501000
61 91204 0.501000
91204 61 0.501000
61 91225 0.501000
91225 61 0.501000
61 108817 0.501000
108817 61 0.501000
61 91315 0.501000
91315 61 0.501000
61 53909 0.501000
53909 61 0.501000
61 116923 0.501000
116923 61 0.501000
61 53726 0.501000
53726 61 0.501000
61 91517 0.501000
91517 61 0.501000
61 116924 0.501000
116924 61 0.501000
61 64108 0.501000
64108 61 0.501000
61 117136 0.501000
117136 61 0.501000
61 112519 0.501000
112519 61 0.501000
61 88454 0.501000
88454 61 0.501000
61 116171 0.501000
116171 61 0.501000
61 91901 0.501000
91901 61 0.501000
61 64143 0.501000
64143 61 0.501000
61 35610 0.501000
35610 61 0.501000
61 91209 0.501000
91209 61 0.501000
61 53906 0.501000
53906 61 0.501000
61 117429 0.501000
117429 61 0.501000
61 63453 0.501000
63453 61 0.501000
61 117232 0.501000
117232 61 0.501000
61 117359 0.501000
117359 61 0.501000
61 63897 0.501000
63897 61 0.501000
61 35409 0.501000
35409 61 0.501000
61 64712 0.501000
64712 61 0.501000
61 90086 0.501000
90086 61 0.501000
61 64450 0.501000
64450 61 0.501000
61 117252 0.501000
117252 61 0.501000
61 117204 0.501000
117204 61 0.501000
61 88069 0.501000
88069 61 0.501000
61 91496 0.501000
91496 61 0.501000
61 117214 0.501000
117214 61 0.501000
61 108820 0.501000
108820 61 0.501000
61 63174 0.501000
63174 61 0.501000
61 116901 0.501000
116901 61 0.501000
61 117296 0.501000
117296 61 0.501000
61 117242 0.501000
117242 61 0.501000
61 86851 0.501000
86851 61 0.501000
61 91339 0.501000
91339 61 0.501000
61 116990 0.501000
116990 61 0.501000
61 53773 0.501000
53773 61 0.501000
61 90234 0.501000
90234 61 0.501000
61 91349 0.501000
91349 61 0.501000
61 64648 0.501000
64648 61 0.501000
61 53729 0.501000
53729 61 0.501000
61 26442 0.501000
26442 61 0.501000
61 52859 0.501000
52859 61 0.501000
61 63214 0.501000
63214 61 0.501000
61 64381 0.501000
64381 61 0.501000
61 88977 0.501000
88977 61 0.501000
61 89009 0.501000
89009 61 0.501000
61 34847 0.501000
34847 61 0.501000
61 88003 0.501000
88003 61 0.501000
61 35375 0.501000
35375 61 0.501000
61 34507 0.501000
34507 61 0.501000
61 108780 0.501000
108780 61 0.501000
61 113416 0.501000
113416 61 0.501000
61 91664 0.501000
91664 61 0.501000
61 33922 0.501000
33922 61 0.501000
61 117357 0.501000
117357 61 0.501000
61 83686 0.501000
83686 61 0.501000
61 116365 0.501000
116365 61 0.501000
61 111487 0.501000
111487 61 0.501000
61 110097 0.501000
110097 61 0.501000
61 110275 0.501000
110275 61 0.501000
61 63343 0.501000
63343 61 0.501000
61 64398 0.501000
64398 61 0.501000
61 34484 0.501000
34484 61 0.501000
61 116434 0.501000
116434 61 0.501000
61 34657 0.501000
34657 61 0.501000
61 63339 0.501000
63339 61 0.501000
61 64788 0.501000
64788 61 0.501000
61 88266 0.501000
88266 61 0.501000
61 117398 0.501000
117398 61 0.501000
61 91707 0.501000
91707 61 0.501000
61 53818 0.501000
53818 61 0.501000
61 116615 0.501000
116615 61 0.501000
61 91534 0.501000
91534 61 0.501000
61 116310 0.501000
116310 61 0.501000
61 53858 0.501000
53858 61 0.501000
61 25599 0.501000
25599 61 0.501000
61 116794 0.501000
116794 61 0.501000
61 53703 0.501000
53703 61 0.501000
61 117169 0.501000
117169 61 0.501000
61 89375 0.501000
89375 61 0.501000
61 91331 0.501000
91331 61 0.501000
61 91335 0.501000
91335 61 0.501000
61 35638 0.501000
35638 61 0.501000
61 64742 0.501000
64742 61 0.501000
61 53758 0.501000
53758 61 0.501000
61 35293 0.501000
35293 61 0.501000
61 108862 0.501000
108862 61 0.501000
61 33845 0.501000
33845 61 0.501000
61 63540 0.501000
63540 61 0.501000
61 35017 0.501000
35017 61 0.501000
61 88967 0.501000
88967 61 0.501000
61 35097 0.501000
35097 61 0.501000
61 91823 0.501000
91823 61 0.501000
61 116366 0.501000
116366 61 0.501000
61 108802 0.501000
108802 61 0.501000
61 116578 0.501000
116578 61 0.501000
61 91709 0.501000
91709 61 0.501000
61 117268 0.501000
117268 61 0.501000
61 87638 0.501000
87638 61 0.501000
61 53819 0.501000
53819 61 0.501000
61 88542 0.501000
88542 61 0.501000
61 114216 0.501000
114216 61 0.501000
61 91690 0.501000
91690 61 0.501000
61 111584 0.501000
111584 61 0.501000
61 35095 0.501000
35095 61 0.501000
61 112563 0.501000
112563 61 0.501000
61 63740 0.501000
63740 61 0.501000
61 25889 0.501000
25889 61 0.501000
61 116451 0.501000
116451 61 0.501000
61 88500 0.501000
88500 61 0.501000
61 91836 0.501000
91836 61 0.501000
61 116279 0.501000
116279 61 0.501000
61 116277 0.501000
116277 61 0.501000
61 116785 0.501000
116785 61 0.501000
61 88358 0.501000
88358 61 0.501000
61 116455 0.501000
116455 61 0.501000
61 117054 0.501000
117054 61 0.501000
61 91734 0.501000
91734 61 0.501000
61 116233 0.501000
116233 61 0.501000
61 53009 0.501000
53009 61 0.501000
61 64490 0.501000
64490 61 0.501000
61 34753 0.501000
34753 61 0.501000
61 88366 0.501000
88366 61 0.501000
61 25495 0.501000
25495 61 0.501000
61 35163 0.501000
35163 61 0.501000
61 63438 0.501000
63438 61 0.501000
61 35500 0.501000
35500 61 0.501000
61 63998 0.501000
63998 61 0.501000
61 91759 0.501000
91759 61 0.501000
61 35264 0.501000
35264 61 0.501000
61 86891 0.501000
86891 61 0.501000
61 116635 0.501000
116635 61 0.501000
61 115484 0.501000
115484 61 0.501000
61 34573 0.501000
34573 61 0.501000
61 64032 0.501000
64032 61 0.501000
61 89439 0.501000
89439 61 0.501000
61 34789 0.501000
34789 61 0.501000
61 63648 0.501000
63648 61 0.501000
61 112077 0.501000
112077 61 0.501000
61 63638 0.501000
63638 61 0.501000
61 35443 0.501000
35443 61 0.501000
61 64413 0.501000
64413 61 0.501000
61 91459 0.501000
91459 61 0.501000
61 53783 0.501000
53783 61 0.501000
61 88766 0.501000
88766 61 0.501000
61 116370 0.501000
116370 61 0.501000
61 35284 0.501000
35284 61 0.501000
61 108424 0.501000
108424 61 0.501000
61 89382 0.501000
89382 61 0.501000
61 114990 0.501000
114990 61 0.501000
61 91356 0.501000
91356 61 0.501000
61 63494 0.501000
63494 61 0.501000
61 63332 0.501000
63332 61 0.501000
61 116784 0.501000
116784 61 0.501000
61 116400 0.501000
116400 61 0.501000
61 34533 0.501000
34533 61 0.501000
61 109463 0.501000
109463 61 0.501000
61 63327 0.501000
63327 61 0.501000
61 63715 0.501000
63715 61 0.501000
61 34479 0.501000
34479 61 0.501000
61 63700 0.501000
63700 61 0.501000
61 110882 0.501000
110882 61 0.501000
61 63782 0.501000
63782 61 0.501000
61 112388 0.501000
112388 61 0.501000
61 63377 0.501000
63377 61 0.501000
61 53705 0.501000
53705 61 0.501000
61 116855 0.501000
116855 61 0.501000
61 64224 0.501000
64224 61 0.501000
61 88038 0.501000
88038 61 0.501000
61 89447 0.501000
89447 61 0.501000
61 34960 0.501000
34960 61 0.501000
61 110692 0.501000
110692 61 0.501000
61 116989 0.501000
116989 61 0.501000
61 64436 0.501000
64436 61 0.501000
61 88756 0.501000
88756 61 0.501000
61 110817 0.501000
110817 61 0.501000
61 116417 0.501000
116417 61 0.501000
61 64698 0.501000
64698 61 0.501000
61 117396 0.501000
117396 61 0.501000
61 112665 0.501000
112665 61 0.501000
61 64726 0.501000
64726 61 0.501000
61 63921 0.501000
63921 61 0.501000
61 63650 0.501000
63650 61 0.501000
61 35055 0.501000
35055 61 0.501000
61 64311 0.501000
64311 61 0.501000
61 53405 0.501000
53405 61 0.501000
61 116107 0.501000
116107 61 0.501000
61 91692 0.501000
91692 61 0.501000
61 91276 0.501000
91276 61 0.501000
61 63445 0.501000
63445 61 0.501000
61 91394 0.501000
91394 61 0.501000
61 91597 0.501000
91597 61 0.501000
61 91334 0.501000
91334 61 0.501000
61 33953 0.501000
33953 61 0.501000
61 116294 0.501000
116294 61 0.501000
61 113593 0.501000
113593 61 0.501000
61 89426 0.501000
89426 61 0.501000
61 63645 0.501000
63645 61 0.501000
61 51905 0.501000
51905 61 0.501000
61 91251 0.501000
91251 61 0.501000
61 117065 0.501000
117065 61 0.501000
61 63512 0.501000
63512 61 0.501000
61 109046 0.501000
109046 61 0.501000
61 32508 0.501000
32508 61 0.501000
61 87431 0.501000
87431 61 0.501000
61 64456 0.501000
64456 61 0.501000
61 88487 0.501000
88487 61 0.501000
61 35387 0.501000
35387 61 0.501000
61 91486 0.501000
91486 61 0.501000
61 63713 0.501000
63713 61 0.501000
61 117158 0.501000
117158 61 0.501000
61 86681 0.501000
86681 61 0.501000
61 117285 0.501000
117285 61 0.501000
61 91645 0.501000
91645 61 0.501000
61 34829 0.501000
34829 61 0.501000
61 35576 0.501000
35576 61 0.501000
61 34831 0.501000
34831 61 0.501000
61 64117 0.501000
64117 61 0.501000
61 35081 0.501000
35081 61 0.501000
61 51998 0.501000
51998 61 0.501000
61 116714 0.501000
116714 61 0.501000
61 116672 0.501000
116672 61 0.501000
61 63466 0.501000
63466 61 0.501000
61 116291 0.501000
116291 61 0.501000
61 53907 0.501000
53907 61 0.501000
61 88628 0.501000
88628 61 0.501000
61 91587 0.501000
91587 61 0.501000
61 116121 0.501000
116121 61 0.501000
61 108854 0.501000
108854 61 0.501000
61 35077 0.501000
35077 61 0.501000
61 117356 0.501000
117356 61 0.501000
61 110948 0.501000
110948 61 0.501000
61 63485 0.501000
63485 61 0.501000
61 63208 0.501000
63208 61 0.501000
61 116289 0.501000
116289 61 0.501000
61 53761 0.501000
53761 61 0.501000
61 87290 0.501000
87290 61 0.501000
61 64069 0.501000
64069 61 0.501000
61 63143 0.501000
63143 61 0.501000
61 108291 0.501000
108291 61 0.501000
61 87304 0.501000
87304 61 0.501000
61 117061 0.501000
117061 61 0.501000
61 64471 0.501000
64471 61 0.501000
61 63801 0.501000
63801 61 0.501000
61 63456 0.501000
63456 61 0.501000
61 88943 0.501000
88943 61 0.501000
61 91385 0.501000
91385 61 0.501000
61 117335 0.501000
117335 61 0.501000
61 64548 0.501000
64548 61 0.501000
61 35118 0.501000
35118 61 0.501000
61 53715 0.501000
53715 61 0.501000
61 113572 0.501000
113572 61 0.501000
61 64002 0.501000
64002 61 0.501000
61 86825 0.501000
86825 61 0.501000
61 111168 0.501000
111168 61 0.501000
61 117496 0.501000
117496 61 0.501000
61 63448 0.501000
63448 61 0.501000
61 63177 0.501000
63177 61 0.501000
61 87617 0.501000
87617 61 0.501000
61 35520 0.501000
35520 61 0.501000
61 64289 0.501000
64289 61 0.501000
61 53808 0.501000
53808 61 0.501000
61 63573 0.501000
63573 61 0.501000
61 33665 0.501000
33665 61 0.501000
61 63790 0.501000
63790 61 0.501000
61 63983 0.501000
63983 61 0.501000
61 35444 0.501000
35444 61 0.501000
61 53856 0.501000
53856 61 0.501000
61 53862 0.501000
53862 61 0.501000
61 34039 0.501000
34039 61 0.501000
61 53745 0.501000
53745 61 0.501000
61 116864 0.501000
116864 61 0.501000
61 35655 0.501000
35655 61 0.501000
61 112243 0.501000
112243 61 0.501000
61 64370 0.501000
64370 61 0.501000
61 53872 0.501000
53872 61 0.501000
61 53816 0.501000
53816 61 0.501000
61 63963 0.501000
63963 61 0.501000
61 64071 0.501000
64071 61 0.501000
61 116079 0.501000
116079 61 0.501000
61 35157 0.501000
35157 61 0.501000
61 53772 0.501000
53772 61 0.501000
61 53873 0.501000
53873 61 0.501000
61 63633 0.501000
63633 61 0.501000
61 86705 0.501000
86705 61 0.501000
61 64169 0.501000
64169 61 0.501000
61 116996 0.501000
116996 61 0.501000
61 112189 0.501000
112189 61 0.501000
61 116469 0.501000
116469 61 0.501000
61 116715 0.501000
116715 61 0.501000
61 108647 0.501000
108647 61 0.501000
61 32100 0.501000
32100 61 0.501000
61 117447 0.501000
117447 61 0.501000
61 117004 0.501000
117004 61 0.501000
61 116574 0.501000
116574 61 0.501000
61 64479 0.501000
64479 61 0.501000
61 35024 0.501000
35024 61 0.501000
61 63320 0.501000
63320 61 0.501000
61 91229 0.501000
91229 61 0.501000
61 34511 0.501000
34511 61 0.501000
61 88506 0.501000
88506 61 0.501000
61 35250 0.501000
35250 61 0.501000
61 110246 0.501000
110246 61 0.501000
61 91256 0.501000
91256 61 0.501000
61 91415 0.501000
91415 61 0.501000
61 35113 0.501000
35113 61 0.501000
61 34593 0.501000
34593 61 0.501000
61 64730 0.501000
64730 61 0.501000
61 114954 0.501000
114954 61 0.501000
61 117386 0.501000
117386 61 0.501000
61 91478 0.501000
91478 61 0.501000
61 109894 0.501000
109894 61 0.501000
61 117337 0.501000
117337 61 0.501000
61 51382 0.501000
51382 61 0.501000
61 109187 0.501000
109187 61 0.501000
61 116617 0.501000
116617 61 0.501000
61 64085 0.501000
64085 61 0.501000
61 64393 0.501000
64393 61 0.501000
61 91897 0.501000
91897 61 0.501000
61 64757 0.501000
64757 61 0.501000
61 91816 0.501000
91816 61 0.501000
61 64706 0.501000
64706 61 0.501000
63 27885 0.501000
27885 63 0.501000
64 28397 0.501000
28397 64 0.501000
64 105766 0.501000
105766 64 0.501000
64 83889 0.501000
83889 64 0.501000
64 32491 0.501000
32491 64 0.501000
64 109620 0.501000
109620 64 0.501000
64 28386 0.501000
28386 64 0.501000
64 69789 0.501000
69789 64 0.501000
64 55584 0.501000
55584 64 0.501000
64 55575 0.501000
55575 64 0.501000
64 55574 0.501000
55574 64 0.501000
64 77452 0.501000
77452 64 0.501000
64 109982 0.501000
109982 64 0.501000
64 55592 0.501000
55592 64 0.501000
64 98438 0.501000
98438 64 0.501000
64 103867 0.501000
103867 64 0.501000
64 109452 0.501000
109452 64 0.501000
64 28440 0.501000
28440 64 0.501000
64 74574 0.501000
74574 64 0.501000
64 83725 0.501000
83725 64 0.501000
64 109685 0.501000
109685 64 0.501000
64 55594 0.501000
55594 64 0.501000
67 115646 0.501000
115646 67 0.501000
67 40244 0.501000
40244 67 0.501000
67 37001 0.501000
37001 67 0.501000
67 50385 0.501000
50385 67 0.501000
67 122285 0.501000
122285 67 0.501000
67 109228 0.501000
109228 67 0.501000
67 68913 0.501000
68913 67 0.501000
67 40889 0.501000
40889 67 0.501000
67 91267 0.501000
91267 67 0.501000
67 94349 0.501000
94349 67 0.501000
67 94473 0.501000
94473 67 0.501000
67 122353 0.501000
122353 67 0.501000
67 71146 0.501000
71146 67 0.501000
67 43580 0.501000
43580 67 0.501000
67 94184 0.501000
94184 67 0.501000
67 40120 0.501000
40120 67 0.501000
67 109382 0.501000
109382 67 0.501000
67 109241 0.501000
109241 67 0.501000
67 36555 0.501000
36555 67 0.501000
67 75803 0.501000
75803 67 0.501000
67 115538 0.501000
115538 67 0.501000
67 54236 0.501000
54236 67 0.501000
67 54235 0.501000
54235 67 0.501000
67 115590 0.501000
115590 67 0.501000
67 71609 0.501000
71609 67 0.501000
67 76101 0.501000
76101 67 0.501000
67 50628 0.501000
50628 67 0.501000
67 75867 0.501000
75867 67 0.501000
67 101694 0.501000
101694 67 0.501000
67 94011 0.501000
94011 67 0.501000
67 53757 0.501000
53757 67 0.501000
67 28821 0.501000
28821 67 0.501000
67 109226 0.501000
109226 67 0.501000
69 46370 0.501000
46370 69 0.501000
69 60796 0.501000
60796 69 0.501000
69 101602 0.501000
101602 69 0.501000
69 60513 0.501000
60513 69 0.501000
69 46276 0.501000
46276 69 0.501000
69 42290 0.501000
42290 69 0.501000
69 46358 0.501000
46358 69 0.501000
69 61987 0.501000
61987 69 0.501000
69 39561 0.501000
39561 69 0.501000
69 45980 0.501000
45980 69 0.501000
69 46374 0.501000
46374 69 0.501000
69 124022 0.501000
124022 69 0.501000
69 124038 0.501000
124038 69 0.501000
69 44350 0.501000
44350 69 0.501000
69 61593 0.501000
61593 69 0.501000
69 124033 0.501000
124033 69 0.501000
69 79835 0.501000
79835 69 0.501000
69 60499 0.501000
60499 69 0.501000
69 41204 0.501000
41204 69 0.501000
69 43568 0.501000
43568 69 0.501000
69 61692 0.501000
61692 69 0.501000
69 126014 0.501000
126014 69 0.501000
69 44356 0.501000
44356 69 0.501000
69 39594 0.501000
39594 69 0.501000
69 124044 0.501000
124044 69 0.501000
69 115105 0.501000
115105 69 0.501000
69 79857 0.501000
79857 69 0.501000
69 79843 0.501000
79843 69 0.501000
69 76032 0.501000
76032 69 0.501000
69 61697 0.501000
61697 69 0.501000
69 60514 0.501000
60514 69 0.501000
69 103077 0.501000
103077 69 0.501000
69 115283 0.501000
115283 69 0.501000
69 95536 0.501000
95536 69 0.501000
69 79834 0.501000
79834 69 0.501000
69 60507 0.501000
60507 69 0.501000
69 60512 0.501000
60512 69 0.501000
69 95432 0.501000
95432 69 0.501000
69 44102 0.501000
44102 69 0.501000
69 46364 0.501000
46364 69 0.501000
69 60503 0.501000
60503 69 0.501000
69 38983 0.501000
38983 69 0.501000
69 39559 0.501000
39559 69 0.501000
69 124010 0.501000
124010 69 0.501000
69 74982 0.501000
74982 69 0.501000
69 46363 0.501000
46363 69 0.501000
69 43729 0.501000
43729 69 0.501000
69 39542 0.501000
39542 69 0.501000
69 46167 0.501000
46167 69 0.501000
69 61700 0.501000
61700 69 0.501000
69 124005 0.501000
124005 69 0.501000
69 124008 0.501000
124008 69 0.501000
69 61706 0.501000
61706 69 0.501000
69 79842 0.501000
79842 69 0.501000
69 52589 0.501000
52589 69 0.501000
69 46367 0.501000
46367 69 0.501000
69 115279 0.501000
115279 69 0.501000
69 42767 0.501000
42767 69 0.501000
69 44365 0.501000
44365 69 0.501000
69 39520 0.501000
39520 69 0.501000
69 44492 0.501000
44492 69 0.501000
69 39525 0.501000
39525 69 0.501000
69 44509 0.501000
44509 69 0.501000
69 61695 0.501000
61695 69 0.501000
69 70217 0.501000
70217 69 0.501000
69 95309 0.501000
95309 69 0.501000
69 95125 0.501000
95125 69 0.501000
69 124019 0.501000
124019 69 0.501000
69 46352 0.501000
46352 69 0.501000
69 46382 0.501000
46382 69 0.501000
69 61701 0.501000
61701 69 0.501000
69 115205 0.501000
115205 69 0.501000
69 35216 0.501000
35216 69 0.501000
69 46380 0.501000
46380 69 0.501000
69 95392 0.501000
95392 69 0.501000
69 39526 0.501000
39526 69 0.501000
69 61704 0.501000
61704 69 0.501000
69 60511 0.501000
60511 69 0.501000
69 46369 0.501000
46369 69 0.501000
69 60489 0.501000
60489 69 0.501000
69 45918 0.501000
45918 69 0.501000
69 124032 0.501000
124032 69 0.501000
69 61693 0.501000
61693 69 0.501000
69 124025 0.501000
124025 69 0.501000
69 126355 0.501000
126355 69 0.501000
69 124027 0.501000
124027 69 0.501000
69 43523 0.501000
43523 69 0.501000
69 46378 0.501000
46378 69 0.501000
69 39571 0.501000
39571 69 0.501000
69 44506 0.501000
44506 69 0.501000
69 46355 0.501000
46355 69 0.501000
69 100072 0.501000
100072 69 0.501000
69 39545 0.501000
39545 69 0.501000
69 95538 0.501000
95538 69 0.501000
69 124040 0.501000
124040 69 0.501000
69 44502 0.501000
44502 69 0.501000
69 60784 0.501000
60784 69 0.501000
69 45962 0.501000
45962 69 0.501000
69 46275 0.501000
46275 69 0.501000
69 79837 0.501000
79837 69 0.501000
69 46360 0.501000
46360 69 0.501000
69 65217 0.501000
65217 69 0.501000
69 76210 0.501000
76210 69 0.501000
69 70168 0.501000
70168 69 0.501000
69 61988 0.501000
61988 69 0.501000
69 45000 0.501000
45000 69 0.501000
69 44348 0.501000
44348 69 0.501000
69 95496 0.501000
95496 69 0.501000
69 41657 0.501000
41657 69 0.501000
69 46365 0.501000
46365 69 0.501000
69 76130 0.501000
76130 69 0.501000
69 46375 0.501000
46375 69 0.501000
69 50303 0.501000
50303 69 0.501000
69 46373 0.501000
46373 69 0.501000
69 127603 0.501000
127603 69 0.501000
69 39528 0.501000
39528 69 0.501000
69 40461 0.501000
40461 69 0.501000
69 95385 0.501000
95385 69 0.501000
69 69905 0.501000
69905 69 0.501000
69 101582 0.501000
101582 69 0.501000
69 101597 0.501000
101597 69 0.501000
69 101600 0.501000
101600 69 0.501000
69 44133 0.501000
44133 69 0.501000
69 46376 0.501000
46376 69 0.501000
69 60509 0.501000
60509 69 0.501000
69 46357 0.501000
46357 69 0.501000
69 46353 0.501000
46353 69 0.501000
69 46381 0.501000
46381 69 0.501000
69 59915 0.501000
59915 69 0.501000
69 111992 0.501000
111992 69 0.501000
69 69906 0.501000
69906 69 0.501000
69 41756 0.501000
41756 69 0.501000
69 61685 0.501000
61685 69 0.501000
69 126351 0.501000
126351 69 0.501000
69 70403 0.501000
70403 69 0.501000
69 124041 0.501000
124041 69 0.501000
69 44967 0.501000
44967 69 0.501000
69 97831 0.501000
97831 69 0.501000
69 28459 0.501000
28459 69 0.501000
69 60502 0.501000
60502 69 0.501000
69 60510 0.501000
60510 69 0.501000
69 61702 0.501000
61702 69 0.501000
69 45736 0.501000
45736 69 0.501000
69 69894 0.501000
69894 69 0.501000
69 95483 0.501000
95483 69 0.501000
69 38520 0.501000
38520 69 0.501000
69 46361 0.501000
46361 69 0.501000
69 101594 0.501000
101594 69 0.501000
69 61707 0.501000
61707 69 0.501000
69 124007 0.501000
124007 69 0.501000
69 124024 0.501000
124024 69 0.501000
69 46354 0.501000
46354 69 0.501000
69 95450 0.501000
95450 69 0.501000
69 124036 0.501000
124036 69 0.501000
69 38948 0.501000
38948 69 0.501000
69 91944 0.501000
91944 69 0.501000
69 103053 0.501000
103053 69 0.501000
69 79846 0.501000
79846 69 0.501000
69 126354 0.501000
126354 69 0.501000
69 46359 0.501000
46359 69 0.501000
69 124018 0.501000
124018 69 0.501000
69 61986 0.501000
61986 69 0.501000
69 124043 0.501000
124043 69 0.501000
69 46371 0.501000
46371 69 0.501000
69 45966 0.501000
45966 69 0.501000
69 79098 0.501000
79098 69 0.501000
69 69907 0.501000
69907 69 0.501000
69 124020 0.501000
124020 69 0.501000
69 95449 0.501000
95449 69 0.501000
69 46366 0.501000
46366 69 0.501000
69 40583 0.501000
40583 69 0.501000
69 126353 0.501000
126353 69 0.501000
69 40932 0.501000
40932 69 0.501000
69 61696 0.501000
61696 69 0.501000
69 46362 0.501000
46362 69 0.501000
69 69955 0.501000
69955 69 0.501000
69 46372 0.501000
46372 69 0.501000
69 61699 0.501000
61699 69 0.501000
69 46181 0.501000
46181 69 0.501000
69 79847 0.501000
79847 69 0.501000
69 79845 0.501000
79845 69 0.501000
69 44738 0.501000
44738 69 0.501000
69 56691 0.501000
56691 69 0.501000
69 43417 0.501000
43417 69 0.501000
69 115243 0.501000
115243 69 0.501000
69 37854 0.501000
37854 69 0.501000
69 60490 0.501000
60490 69 0.501000
69 45961 0.501000
45961 69 0.501000
69 46377 0.501000
46377 69 0.501000
69 126356 0.501000
126356 69 0.501000
69 60501 0.501000
60501 69 0.501000
69 124016 0.501000
124016 69 0.501000
69 45099 0.501000
45099 69 0.501000
69 115319 0.501000
115319 69 0.501000
69 46356 0.501000
46356 69 0.501000
71 27074 0.501000
27074 71 0.501000
71 82501 0.501000
82501 71 0.501000
72 106154 0.501000
106154 72 0.501000
72 129206 0.501000
129206 72 0.501000
72 102944 0.501000
102944 72 0.501000
72 102949 0.501000
102949 72 0.501000
72 119347 0.501000
119347 72 0.501000
72 67685 0.501000
67685 72 0.501000
72 79634 0.501000
79634 72 0.501000
72 56909 0.501000
56909 72 0.501000
72 80971 0.501000
80971 72 0.501000
72 80970 0.501000
80970 72 0.501000
72 53195 0.501000
53195 72 0.501000
72 74538 0.501000
74538 72 0.501000
72 95541 0.501000
95541 72 0.501000
72 67642 0.501000
67642 72 0.501000
72 126089 0.501000
126089 72 0.501000
72 91555 0.501000
91555 72 0.501000
72 91023 0.501000
91023 72 0.501000
72 80973 0.501000
80973 72 0.501000
72 33694 0.501000
33694 72 0.501000
72 126757 0.501000
126757 72 0.501000
72 66260 0.501000
66260 72 0.501000
72 80977 0.501000
80977 72 0.501000
72 127085 0.501000
127085 72 0.501000
76 53243 0.501000
53243 76 0.501000
76 53265 0.501000
53265 76 0.501000
76 111129 0.501000
111129 76 0.501000
76 96849 0.501000
96849 76 0.501000
76 33869 0.501000
33869 76 0.501000
76 68659 0.501000
68659 76 0.501000
76 26272 0.501000
26272 76 0.501000
78 99345 0.501000
99345 78 0.501000
78 86529 0.501000
86529 78 0.501000
78 26207 0.501000
26207 78 0.501000
78 58512 0.501000
58512 78 0.501000
78 72505 0.501000
72505 78 0.501000
78 40662 0.501000
40662 78 0.501000
78 99386 0.501000
99386 78 0.501000
78 72782 0.501000
72782 78 0.501000
78 58507 0.501000
58507 78 0.501000
78 108745 0.501000
108745 78 0.501000
78 120508 0.501000
120508 78 0.501000
78 86049 0.501000
86049 78 0.501000
78 97703 0.501000
97703 78 0.501000
78 72006 0.501000
72006 78 0.501000
78 99355 0.501000
99355 78 0.501000
78 107910 0.501000
107910 78 0.501000
78 71871 0.501000
71871 78 0.501000
78 40968 0.501000
40968 78 0.501000
78 108518 0.501000
108518 78 0.501000
78 85008 0.501000
85008 78 0.501000
78 105854 0.501000
105854 78 0.501000
78 43375 0.501000
43375 78 0.501000
78 108346 0.501000
108346 78 0.501000
78 72300 0.501000
72300 78 0.501000
78 58506 0.501000
58506 78 0.501000
78 85183 0.501000
85183 78 0.501000
82 117919 0.501000
117919 82 0.501000
82 43093 0.501000
43093 82 0.501000
82 87120 0.501000
87120 82 0.501000
82 87002 0.501000
87002 82 0.501000
82 70192 0.501000
70192 82 0.501000
82 34121 0.501000
34121 82 0.501000
82 43113 0.501000
43113 82 0.501000
82 33179 0.501000
33179 82 0.501000
82 52116 0.501000
52116 82 0.501000
82 32415 0.501000
32415 82 0.501000
82 33580 0.501000
33580 82 0.501000
82 43062 0.501000
43062 82 0.501000
82 34092 0.501000
34092 82 0.501000
82 117922 0.501000
117922 82 0.501000
82 43064 0.501000
43064 82 0.501000
82 43393 0.501000
43393 82 0.501000
82 38024 0.501000
38024 82 0.501000
82 75691 0.501000
75691 82 0.501000
82 86969 0.501000
86969 82 0.501000
82 43084 0.501000
43084 82 0.501000
82 32321 0.501000
32321 82 0.501000
82 42708 0.501000
42708 82 0.501000
82 37140 0.501000
37140 82 0.501000
82 87977 0.501000
87977 82 0.501000
82 117853 0.501000
117853 82 0.501000
82 117826 0.501000
117826 82 0.501000
82 28346 0.501000
28346 82 0.501000
82 28207 0.501000
28207 82 0.501000
82 75486 0.501000
75486 82 0.501000
82 34669 0.501000
34669 82 0.501000
82 117799 0.501000
117799 82 0.501000
82 43100 0.501000
43100 82 0.501000
82 117855 0.501000
117855 82 0.501000
82 117804 0.501000
117804 82 0.501000
82 32956 0.501000
32956 82 0.501000
84 93071 0.501000
93071 84 0.501000
84 56715 0.501000
56715 84 0.501000
84 73843 0.501000
73843 84 0.501000
84 92880 0.501000
92880 84 0.501000
84 38243 0.501000
38243 84 0.501000
84 71389 0.501000
71389 84 0.501000
84 115633 0.501000
115633 84 0.501000
84 89381 0.501000
89381 84 0.501000
84 115587 0.501000
115587 84 0.501000
84 115552 0.501000
115552 84 0.501000
84 91670 0.501000
91670 84 0.501000
84 77191 0.501000
77191 84 0.501000
84 114417 0.501000
114417 84 0.501000
84 115596 0.501000
115596 84 0.501000
84 64325 0.501000
64325 84 0.501000
84 59355 0.501000
59355 84 0.501000
87 30988 0.501000
30988 87 0.501000
87 30965 0.501000
30965 87 0.501000
87 30929 0.501000
30929 87 0.501000
87 32709 0.501000
32709 87 0.501000
87 28187 0.501000
28187 87 0.501000
87 30983 0.501000
30983 87 0.501000
87 124868 0.501000
124868 87 0.501000
87 28212 0.501000
28212 87 0.501000
87 32506 0.501000
32506 87 0.501000
87 74464 0.501000
74464 87 0.501000
87 29055 0.501000
29055 87 0.501000
87 30928 0.501000
30928 87 0.501000
87 31005 0.501000
31005 87 0.501000
87 30972 0.501000
30972 87 0.501000
87 31011 0.501000
31011 87 0.501000
87 74580 0.501000
74580 87 0.501000
87 86363 0.501000
86363 87 0.501000
87 30999 0.501000
30999 87 0.501000
87 30981 0.501000
30981 87 0.501000
87 29081 0.501000
29081 87 0.501000
87 124908 0.501000
124908 87 0.501000
87 30969 0.501000
30969 87 0.501000
87 30898 0.501000
30898 87 0.501000
87 30994 0.501000
30994 87 0.501000
87 30678 0.501000
30678 87 0.501000
87 30995 0.501000
30995 87 0.501000
87 86423 0.501000
86423 87 0.501000
87 29188 0.501000
29188 87 0.501000
87 104988 0.501000
104988 87 0.501000
87 31015 0.501000
31015 87 0.501000
87 31009 0.501000
31009 87 0.501000
87 107984 0.501000
107984 87 0.501000
87 86420 0.501000
86420 87 0.501000
87 30989 0.501000
30989 87 0.501000
87 28302 0.501000
28302 87 0.501000
87 33592 0.501000
33592 87 0.501000
87 86569 0.501000
86569 87 0.501000
87 30984 0.501000
30984 87 0.501000
87 30934 0.501000
30934 87 0.501000
87 86418 0.501000
86418 87 0.501000
87 33176 0.501000
33176 87 0.501000
87 30962 0.501000
30962 87 0.501000
87 70412 0.501000
70412 87 0.501000
87 30958 0.501000
30958 87 0.501000
87 28310 0.501000
28310 87 0.501000
87 124839 0.501000
124839 87 0.501000
87 28167 0.501000
28167 87 0.501000
87 30954 0.501000
30954 87 0.501000
87 124801 0.501000
124801 87 0.501000
87 30998 0.501000
30998 87 0.501000
87 33023 0.501000
33023 87 0.501000
87 30990 0.501000
30990 87 0.501000
87 30946 0.501000
30946 87 0.501000
87 30976 0.501000
30976 87 0.501000
87 30964 0.501000
30964 87 0.501000
87 124776 0.501000
124776 87 0.501000
87 117884 0.501000
117884 87 0.501000
87 74571 0.501000
74571 87 0.501000
87 31020 0.501000
31020 87 0.501000
87 30974 0.501000
30974 87 0.501000
87 30925 0.501000
30925 87 0.501000
87 95730 0.501000
95730 87 0.501000
87 124797 0.501000
124797 87 0.501000
87 31013 0.501000
31013 87 0.501000
87 31023 0.501000
31023 87 0.501000
87 101947 0.501000
101947 87 0.501000
87 99277 0.501000
99277 87 0.501000
87 32975 0.501000
32975 87 0.501000
87 86573 0.501000
86573 87 0.501000
87 124808 0.501000
124808 87 0.501000
87 30940 0.501000
30940 87 0.501000
87 30933 0.501000
30933 87 0.501000
87 30991 0.501000
30991 87 0.501000
87 107879 0.501000
107879 87 0.501000
87 69198 0.501000
69198 87 0.501000
87 30926 0.501000
30926 87 0.501000
87 30947 0.501000
30947 87 0.501000
87 28895 0.501000
28895 87 0.501000
87 30900 0.501000
30900 87 0.501000
87 86570 0.501000
86570 87 0.501000
87 96332 0.501000
96332 87 0.501000
87 30936 0.501000
30936 87 0.501000
87 31008 0.501000
31008 87 0.501000
87 30953 0.501000
30953 87 0.501000
87 74539 0.501000
74539 87 0.501000
87 104995 0.501000
104995 87 0.501000
87 31003 0.501000
31003 87 0.501000
87 30963 0.501000
30963 87 0.501000
87 28270 0.501000
28270 87 0.501000
87 86572 0.501000
86572 87 0.501000
87 30941 0.501000
30941 87 0.501000
87 31027 0.501000
31027 87 0.501000
87 32492 0.501000
32492 87 0.501000
87 31012 0.501000
31012 87 0.501000
87 86408 0.501000
86408 87 0.501000
